777777777777777777777777777777777777777777777777777
777777777777777777777777777777777777777777777777777
777777777777777777777777777777777777777777777777777
777777777777777777777777777777777777777777777777777
777777777777777777777777777777777777777777777777777
777777777777777777777777777777777777777777777777777
777777777777777777777777777777777777777777777777777
777777777777777777777777777777777777777777777777777
777777777777777777777777777777777777777777777777777
777777777777777777777777777777777777777777777777777
777777777777777777777777777777777777777777777777777
777777777777777777777777777777777777777777777777777
777777777777777777777777777777777777777777777777777
775777577577577777577777755555777555577555577555577
775777577577577777577777757775777577777577777577777
775575577577577777577777755555777575577555577555577
777575777577577777577777757775777577577577777777577
777555777577555577555577557775577555577555577555577
777777777777777777777777777777777777777777777777777